512 16
0.186587
512 32
0.169514
512 64
0.176869
512 128
0.169235
512 256
0.174273
512 512
0.168218
512 1024
0.179577
512 2048
0.183594
512 4096
0.183123
512 8192
0.192471
1024 16
0.494829
1024 32
0.502022
1024 64
0.500646
1024 128
0.495815
1024 256
0.502118
1024 512
0.503521
1024 1024
0.507989
1024 2048
0.516093
1024 4096
0.545910
1024 8192
0.580843
2048 16
1.826214
2048 32
1.826942
2048 64
1.814400
2048 128
1.824401
2048 256
1.829879
2048 512
1.845214
2048 1024
1.855620
2048 2048
1.901988
2048 4096
1.982028
2048 8192
2.142194
4096 16
8.243894
4096 32
8.265542
4096 64
8.261963
4096 128
8.251822
4096 256
8.279319
4096 512
8.305297
4096 1024
8.379489
4096 2048
8.545278
4096 4096
8.910928
4096 8192
9.429305
