512 16 8
0.111518
512 16 64
0.121930
512 16 256
0.156318
512 16 512
0.176072
512 32 8
0.109056
512 32 64
0.118108
512 32 256
0.152207
512 32 512
0.167856
512 64 8
0.105793
512 64 64
0.119104
512 64 256
0.151449
512 64 512
0.169416
512 128 8
0.111866
512 128 64
0.118144
512 128 256
0.148025
512 128 512
0.164498
512 256 8
0.106731
512 256 64
0.117780
512 256 256
0.149840
512 256 512
0.165029
512 512 8
0.109615
512 512 64
0.119170
512 512 256
0.150635
512 512 512
0.165262
512 1024 8
0.108946
512 1024 64
0.120661
512 1024 256
0.151545
512 1024 512
0.167829
512 2048 8
0.113818
512 2048 64
0.122279
512 2048 256
0.153896
512 2048 512
0.169992
512 4096 8
0.121984
512 4096 64
0.127803
512 4096 256
0.158204
512 4096 512
0.173444
512 8192 8
0.128437
512 8192 64
0.141132
512 8192 256
0.171062
512 8192 512
0.184427
1024 16 8
0.107413
1024 16 64
0.128359
1024 16 256
0.208347
1024 16 512
0.397156
1024 16 1024
0.494959
1024 32 8
0.106768
1024 32 64
0.126292
1024 32 256
0.200157
1024 32 512
0.388728
1024 32 1024
0.494366
1024 64 8
0.107169
1024 64 64
0.125876
1024 64 256
0.200040
1024 64 512
0.389685
1024 64 1024
0.494017
1024 128 8
0.108165
1024 128 64
0.126779
1024 128 256
0.200810
1024 128 512
0.387728
1024 128 1024
0.494586
1024 256 8
0.113271
1024 256 64
0.129722
1024 256 256
0.202754
1024 256 512
0.395412
1024 256 1024
0.503724
1024 512 8
0.112279
1024 512 64
0.129822
1024 512 256
0.212109
1024 512 512
0.395372
1024 512 1024
0.501380
1024 1024 8
0.116272
1024 1024 64
0.136098
1024 1024 256
0.210566
1024 1024 512
0.397863
1024 1024 1024
0.503634
1024 2048 8
0.126509
1024 2048 64
0.145528
1024 2048 256
0.219125
1024 2048 512
0.406396
1024 2048 1024
0.514772
1024 4096 8
0.148665
1024 4096 64
0.167227
1024 4096 256
0.240413
1024 4096 512
0.425858
1024 4096 1024
0.533713
1024 8192 8
0.188221
1024 8192 64
0.205925
1024 8192 256
0.283425
1024 8192 512
0.471028
1024 8192 1024
0.582837
2048 16 8
0.107579
2048 16 64
0.141209
2048 16 256
0.445665
2048 16 512
0.814741
2048 16 1024
1.385481
2048 16 2048
1.833237
2048 32 8
0.111831
2048 32 64
0.141764
2048 32 256
0.446206
2048 32 512
0.812197
2048 32 1024
1.377030
2048 32 2048
1.819175
2048 64 8
0.111802
2048 64 64
0.139726
2048 64 256
0.443698
2048 64 512
0.810384
2048 64 1024
1.375640
2048 64 2048
1.823098
2048 128 8
0.114809
2048 128 64
0.142272
2048 128 256
0.443568
2048 128 512
0.812121
2048 128 1024
1.373065
2048 128 2048
1.823704
2048 256 8
0.118713
2048 256 64
0.151492
2048 256 256
0.446665
2048 256 512
0.813826
2048 256 1024
1.378191
2048 256 2048
1.823561
2048 512 8
0.127846
2048 512 64
0.155330
2048 512 256
0.454432
2048 512 512
0.821519
2048 512 1024
1.386236
2048 512 2048
1.838260
2048 1024 8
0.147092
2048 1024 64
0.176369
2048 1024 256
0.473891
2048 1024 512
0.839269
2048 1024 1024
1.401824
2048 1024 2048
1.852732
2048 2048 8
0.185854
2048 2048 64
0.215343
2048 2048 256
0.512279
2048 2048 512
0.878078
2048 2048 1024
1.442229
2048 2048 2048
1.888041
2048 4096 8
0.262585
2048 4096 64
0.292998
2048 4096 256
0.587612
2048 4096 512
0.960706
2048 4096 1024
1.536651
2048 4096 2048
1.998274
2048 8192 8
0.426884
2048 8192 64
0.451958
2048 8192 256
0.756759
2048 8192 512
1.120679
2048 8192 1024
1.689263
2048 8192 2048
2.155249
4096 16 8
0.115025
4096 16 64
0.174040
4096 16 256
0.824895
4096 16 512
1.730453
4096 16 1024
3.486373
4096 16 2048
6.154740
4096 16 4096
8.285196
4096 32 8
0.115279
4096 32 64
0.171778
4096 32 256
0.809465
4096 32 512
1.712545
4096 32 1024
3.442335
4096 32 2048
6.147556
4096 32 4096
8.297062
4096 64 8
0.118629
4096 64 64
0.174067
4096 64 256
0.804730
4096 64 512
1.719600
4096 64 1024
3.444829
4096 64 2048
6.171794
4096 64 4096
8.314709
4096 128 8
0.127870
4096 128 64
0.186160
4096 128 256
0.811451
4096 128 512
1.704646
4096 128 1024
3.437411
4096 128 2048
6.210833
4096 128 4096
8.357492
4096 256 8
0.150129
4096 256 64
0.203235
4096 256 256
0.818796
4096 256 512
1.714590
4096 256 1024
3.469250
4096 256 2048
6.224336
4096 256 4096
8.383795
4096 512 8
0.185391
4096 512 64
0.238971
4096 512 256
0.856503
4096 512 512
1.754335
4096 512 1024
3.492638
4096 512 2048
6.282111
4096 512 4096
8.497312
4096 1024 8
0.269580
4096 1024 64
0.326467
4096 1024 256
0.943314
4096 1024 512
1.861753
4096 1024 1024
3.581162
4096 1024 2048
6.334869
4096 1024 4096
8.506764
4096 2048 8
0.420542
4096 2048 64
0.481539
4096 2048 256
1.101243
4096 2048 512
1.990905
4096 2048 1024
3.773595
4096 2048 2048
6.532695
4096 2048 4096
8.703816
4096 4096 8
0.729883
4096 4096 64
0.791605
4096 4096 256
1.393642
4096 4096 512
2.298248
4096 4096 1024
4.043676
4096 4096 2048
6.755157
4096 4096 4096
8.885579
4096 8192 8
1.332022
4096 8192 64
1.378016
4096 8192 256
1.991951
4096 8192 512
2.891035
4096 8192 1024
4.623042
4096 8192 2048
7.333011
4096 8192 4096
9.482317
